atax:0.1269693374633789 minutes
bicg:0.10098562240600586 minutes
doitgen:1.244354740778605 minutes
durbin:0.1198083996772766 minutes
gemm:1.3682004769643148 minutes
gemver:0.2404367764790853 minutes
gesummv:0.07906675736109416 minutes
lu:4.564373350143432 minutes
ludcmp:9.781040581067403 minutes
mvt:0.11884965499242146 minutes
symm:1.5462870518366496 minutes
syr2k:2.193570065498352 minutes
syrk:0.9674989978472391 minutes
trisolv:0.07860578298568725 minutes
trmm:0.6539219419161478 minutes
2mm:3.4055390119552613 minutes
3mm:6.360382807254791 minutes
