atax:0.12384065786997477 minutes
bicg:0.1098820686340332 minutes
doitgen:1.3021881699562072 minutes
durbin:0.09744568268458048 minutes
gemm:1.3753270149230956 minutes
gemver:0.2450052261352539 minutes
gesummv:0.08150052229563395 minutes
lu:2.8993029395739236 minutes
ludcmp:6.22991187175115 minutes
mvt:0.12742511828740438 minutes
symm:0.9592662890752156 minutes
syr2k:1.5138056834538778 minutes
syrk:0.6187691847483318 minutes
trisolv:0.07580819924672445 minutes
trmm:0.6747721552848815 minutes
2mm:3.6536908944447837 minutes
3mm:5.805635956923167 minutes
